4.164985656738281250e+00
3.906905889511108398e+00
3.604324579238891602e+00
3.247709751129150391e+00
3.116003274917602539e+00
3.041841983795166016e+00
3.003677129745483398e+00
2.995893239974975586e+00
2.970275402069091797e+00
2.942984580993652344e+00
2.907916784286499023e+00
2.890284061431884766e+00
2.923759222030639648e+00
2.864137172698974609e+00
2.866063594818115234e+00
2.847580432891845703e+00
2.843860864639282227e+00
2.828650712966918945e+00
2.825288534164428711e+00
2.799360990524291992e+00
2.760238409042358398e+00
2.778447866439819336e+00
2.763411998748779297e+00
2.764589786529541016e+00
2.730405807495117188e+00
2.744513511657714844e+00
2.760575294494628906e+00
2.721108675003051758e+00
2.718768596649169922e+00
2.720313549041748047e+00
2.721719264984130859e+00
2.708361864089965820e+00
2.701549291610717773e+00
2.704834461212158203e+00
2.685593605041503906e+00
2.688629150390625000e+00
2.662857770919799805e+00
2.696457147598266602e+00
2.683331251144409180e+00
2.686770915985107422e+00
2.669329881668090820e+00
2.671548366546630859e+00
2.672679662704467773e+00
2.664800405502319336e+00
2.656307935714721680e+00
2.655576944351196289e+00
2.629970073699951172e+00
2.662603616714477539e+00
2.652676105499267578e+00
2.640972137451171875e+00
