5.060593605041503906e+00
4.010604381561279297e+00
3.962913513183593750e+00
3.956465005874633789e+00
3.947317123413085938e+00
3.947145938873291016e+00
3.940286636352539062e+00
3.908998250961303711e+00
3.819374084472656250e+00
3.635499954223632812e+00
3.328649282455444336e+00
3.046684026718139648e+00
2.807990550994873047e+00
2.592982053756713867e+00
2.433455705642700195e+00
2.254964828491210938e+00
2.116690874099731445e+00
1.967555880546569824e+00
1.798388719558715820e+00
1.670940279960632324e+00
1.482880949974060059e+00
1.295926928520202637e+00
1.176833987236022949e+00
1.007272601127624512e+00
8.832176923751831055e-01
7.864679098129272461e-01
6.258012056350708008e-01
4.885202944278717041e-01
4.541239440441131592e-01
3.817026913166046143e-01
3.297072947025299072e-01
2.678385078907012939e-01
2.380622476339340210e-01
1.943411082029342651e-01
1.586346775293350220e-01
1.357227861881256104e-01
1.134127005934715271e-01
9.445814043283462524e-02
8.695036917924880981e-02
8.179356902837753296e-02
6.454963982105255127e-02
5.744165182113647461e-02
5.001255124807357788e-02
4.619048163294792175e-02
4.231400415301322937e-02
3.861379995942115784e-02
3.388738259673118591e-02
3.074330277740955353e-02
2.867966331541538239e-02
2.591250836849212646e-02
